1.000000 -0.800000 -0.030000 0.000000 0.000000 0.000000 0.500000 0.500000 0.500000 -0.500000 0.500000 0.500000 0.500000 0.500000 0.500000
-0.800000 1.000000 0.000000 0.000000 0.000000 0.000000 0.500000 0.500000 0.500000 -0.500000 0.500000 0.500000 0.500000 0.500000 0.500000
-0.030000 0.000000 1.000000 0.000000 0.000000 0.000000 0.500000 0.500000 0.500000 -0.500000 0.500000 0.500000 0.500000 0.500000 0.500000
0.000000 0.000000 0.000000 1.000000 -0.230000 0.000000 0.500000 0.500000 0.500000 -0.500000 0.500000 0.500000 0.500000 0.500000 0.500000
0.000000 0.000000 0.000000 -0.230000 1.000000 0.000000 0.500000 0.500000 0.500000 -0.500000 0.500000 0.500000 0.500000 0.500000 0.500000
0.000000 0.000000 0.000000 0.000000 0.000000 1.000000 0.500000 0.500000 0.500000 -0.500000 0.500000 0.500000 0.500000 0.500000 0.500000
0.500000 0.500000 0.500000 0.500000 0.500000 0.500000 1.000000 1.000000 1.000000 -1.000000 1.000000 1.000000 1.000000 1.000000 1.000000
0.500000 0.500000 0.500000 0.500000 0.500000 0.500000 1.000000 1.000000 1.000000 -1.000000 1.000000 1.000000 1.000000 1.000000 1.000000
0.500000 0.500000 0.500000 0.500000 0.500000 0.500000 1.000000 1.000000 1.000000 -1.000000 1.000000 1.000000 1.000000 1.000000 1.000000
-0.500000 -0.500000 -0.500000 -0.500000 -0.500000 -0.500000 -1.000000 -1.000000 -1.000000 1.000000 -1.000000 -1.000000 -1.000000 -1.000000 -1.000000
0.500000 0.500000 0.500000 0.500000 0.500000 0.500000 1.000000 1.000000 1.000000 -1.000000 1.000000 1.000000 1.000000 1.000000 1.000000
0.500000 0.500000 0.500000 0.500000 0.500000 0.500000 1.000000 1.000000 1.000000 -1.000000 1.000000 1.000000 1.000000 1.000000 1.000000
0.500000 0.500000 0.500000 0.500000 0.500000 0.500000 1.000000 1.000000 1.000000 -1.000000 1.000000 1.000000 1.000000 1.000000 1.000000
0.500000 0.500000 0.500000 0.500000 0.500000 0.500000 1.000000 1.000000 1.000000 -1.000000 1.000000 1.000000 1.000000 1.000000 1.000000
0.500000 0.500000 0.500000 0.500000 0.500000 0.500000 1.000000 1.000000 1.000000 -1.000000 1.000000 1.000000 1.000000 1.000000 1.000000
