&Combination setup
Combination Name = LHC
Number of Measurements = 15
Measurement names = a b c d e f g h i j k l m n o

&Systematics setup
Number of systematics = 25
LHCJES1 0.0 input_files/LHCJES1.txt
LHCJES2 0.0 input_files/LHCJES2.txt
LHCJES3 0.0 input_files/LHCJES3.txt
LHCbJES 0.6 input_files/LHCbJES.txt
LHCgJES 0.0 input_files/LHCgJES.txt
LHClJES 0.0 input_files/LHClJES.txt
CMSJES 0.0 input_files/CMSJES.txt
JER 0.0 input_files/JER.txt
leptons 0.0 input_files/leptons.txt
btag 0.0 input_files/btag.txt
ptmiss 0.0 input_files/ptmiss.txt
pileup 0.0 input_files/pileup.txt
trigger 0.0 input_files/trigger.txt
ME 0.0 input_files/ME.txt
LHCrad 0.0 input_files/LHCrad.txt
LHChad 0.0 input_files/LHChad.txt
CMSbHad 0.0 input_files/CMSbHad.txt
CR 0.0 input_files/CR.txt
UE 0.0 input_files/UE.txt
PDF 0.0 input_files/PDF.txt
topPT 0.0 input_files/topPT.txt
bkgData 0.0 input_files/bkgData.txt
bkgMC 0.0 input_files/bkgMC.txt
method 0.0 input_files/method.txt
other 0.0 input_files/other.txt

&Data
# values table follows
173.79 0.54 0.54 0.30 0.43 0.68 0.03 0.02 0.00 0.19 0.13 0.07 0.04 0.01 0.01 0.26 0.47 0.53 0.00 0.14 0.05 0.10 0.00 0.04 0.01 0.09 0.07
172.33 0.75 0.33 0.30 0.07 0.06 0.28 0.24 0.00 0.22 0.04 0.50 0.15 0.02 0.00 0.22 0.32 0.18 0.00 0.11 0.15 0.25 0.00 0.11 0.29 0.11 0.12
175.06 1.35 0.38 0.20 0.24 0.62 0.10 0.02 0.00 0.01 0.00 0.16 0.02 0.02 0.01 0.30 0.22 0.50 0.00 0.22 0.08 0.09 0.00 0.35 0.00 0.42 0.24
172.99 0.41 0.35 0.41 0.08 0.30 0.02 0.01 0.00 0.09 0.14 0.04 0.01 0.05 0.00 0.09 0.23 0.22 0.00 0.03 0.10 0.05 0.00 0.07 0.03 0.05 0.02
172.08 0.39 0.28 0.39 0.05 0.03 0.21 0.10 0.00 0.20 0.16 0.38 0.05 0.15 0.01 0.16 0.08 0.15 0.00 0.19 0.08 0.09 0.00 0.05 0.13 0.13 0.10
173.72 0.55 0.40 0.42 0.12 0.34 0.05 0.06 0.00 0.10 0.01 0.10 0.01 0.01 0.08 0.18 0.10 0.64 0.00 0.12 0.12 0.09 0.00 0.17 0.00 0.11 0.03
172.50 0.43 0.77 0.54 0.06 0.70 0.00 0.00 0.58 0.14 0.14 0.09 0.12 0.11 0.00 0.04 0.58 0.00 0.00 0.13 0.05 0.09 0.00 0.00 0.05 0.40 0.00
173.49 0.43 0.24 0.02 0.01 0.61 0.00 0.00 0.11 0.23 0.02 0.12 0.06 0.07 0.00 0.02 0.30 0.00 0.00 0.54 0.15 0.07 0.00 0.00 0.13 0.06 0.00
173.49 0.69 0.69 0.35 0.08 0.49 0.00 0.00 0.58 0.15 0.00 0.06 0.00 0.06 0.24 0.19 0.33 0.00 0.00 0.15 0.20 0.06 0.00 0.13 0.00 0.13 0.00
172.22 0.18 0.31 0.17 0.03 0.37 0.07 0.04 0.00 0.00 0.25 0.01 0.01 0.05 0.00 0.07 0.24 0.38 0.12 0.13 0.11 0.17 0.51 0.00 0.00 0.00 0.03
172.35 0.16 0.10 0.12 0.01 0.32 0.08 0.06 0.00 0.03 0.01 0.06 0.04 0.06 0.00 0.12 0.09 0.01 0.16 0.01 0.08 0.04 0.02 0.00 0.03 0.04 0.00
172.32 0.25 0.16 0.19 0.02 0.29 0.02 0.01 0.00 0.02 0.00 0.02 0.00 0.06 0.01 0.16 0.18 0.04 0.13 0.16 0.14 0.03 0.06 0.20 0.00 0.06 0.00
172.95 0.77 0.40 0.21 0.05 0.38 0.00 0.07 0.00 0.05 0.05 0.10 0.15 0.14 0.00 0.00 0.35 0.00 0.15 0.05 0.20 0.11 0.00 0.00 0.17 0.39 0.25
173.50 3.00 0.00 0.00 0.00 0.00 0.00 0.00 0.00 0.00 0.10 0.00 0.00 0.07 0.02 0.37 0.74 0.30 0.00 0.12 0.13 0.11 0.00 0.00 0.01 0.22 0.09
173.68 0.20 0.11 0.13 0.01 0.00 0.00 0.00 0.00 0.05 0.24 0.02 0.00 0.05 0.00 0.42 0.20 0.54 0.16 0.08 0.00 0.04 0.00 0.44 0.00 0.62 0.09
