mt 173.79 172.33 175.06 172.99 172.08 173.72 172.71
stat 0.54 0.75 1.35 0.41 0.39 0.55 0.25
LHCJES1 0.54 0.33 0.38 0.35 0.28 0.40 0.18
LHCJES2 0.30 0.30 0.20 0.41 0.39 0.42 
LHCJES3 0.43 0.07 0.24 0.08 0.05 0.12 
LHCbJES 0.68 0.06 0.62 0.30 0.03 0.34
LHCgJES 0.03 0.28 0.10 0.02 0.21 0.05
LHClJES 0.02 0.24 0.02 0.01 0.10 0.06
CMSJES 0.00 0.00 0.00 0.00 0.00 0.00
JER 0.19 0.22 0.01 0.09 0.20 0.10
leptons 0.13 0.04 0.00 0.14 0.16 0.01
btag 0.07 0.50 0.16 0.04 0.38 0.10 
ptmiss 0.04 0.15 0.02 0.01 0.05 0.01
pileup 0.01 0.02 0.02 0.05 0.15 0.01
trigger 0.01 0.00 0.01 0.00 0.01 0.08 
ME 0.26 0.22 0.30 0.09 0.16 0.18
LHCrad 0.47 0.32 0.22 0.23 0.08 0.10
LHChad 0.53 0.18 0.50 0.22 0.15 0.64
CMSbHad 0.00 0.00 0.00 0.00 0.00 0.00
CR 0.14 0.11 0.22 0.03 0.19 0.12 
UE 0.05 0.15 0.08 0.10 0.08 0.12
PDF 0.10 0.25 0.09 0.05 0.09 0.09 
topPT 0.00 0.00 0.00 0.00 0.00 0.00
bkgData 0.04 0.11 0.35 0.07 0.05 0.17
bkgMC 0.01 0.29 0.00 0.03 0.13 0.00
method 0.09 0.11 0.42 0.05 0.13 0.11
other 0.07 0.12 0.24 0.02 0.10 0.03
total 1.42 1.28 1.82 0.84 0.91 1.15