mt 172.50 173.49 173.49 172.22 172.35 172.32 172.95 173.50 173.68
stat 0.43 0.43 0.69 0.18 0.16 0.25 0.77 3.00 0.20
LHCJES1 0.77 0.24 0.69 0.31 0.10 0.16 0.40 0.000 0.11
LHCJES2 0.54 0.02 0.35 0.17 0.12 0.19 0.21 0.000 0.13
LHCJES3 0.06 0.01 0.08 0.03 0.01 0.02 0.05 0.000 0.01
LHCbJES 0.70 0.61 0.49 0.37 0.32 0.29 0.38 0.00 0.00
LHCgJES 0.00 0.00 0.00 0.07 0.08 0.02 0.00 0.00 0.00
LHClJES 0.00 0.00 0.00 0.04 0.06 0.01 0.07 0.00 0.00
CMSJES  0.58 0.11 0.58 0.00 0.00 0.00 0.00 0.00 0.00
JER 0.14 0.23 0.15 0.00 0.03 0.02 0.05 0.000 0.05
leptons 0.14 0.02 0.00 0.25 0.01 0.00 0.05 0.10 0.24
btag 0.09 0.12 0.06 0.01 0.06 0.02 0.10 0.00 0.02
ptmiss 0.12 0.06 0.00 0.01 0.04 0.00 0.15 0.00 0.00 
pileup 0.11 0.07 0.06 0.05 0.06 0.06 0.14 0.07 0.05
trigger 0.00 0.00 0.24 0.00 0.00 0.01 0.00 0.02 0.00
ME 0.04 0.02 0.19 0.07 0.12 0.16 0.00 0.37 0.42
LHCrad 0.58 0.30 0.33 0.24 0.09 0.18 0.35 0.74 0.20
LHChad 0.00 0.00 0.00 0.38 0.01 0.04 0.00 0.30 0.54
CMSbHad 0.00 0.00 0.00 0.12 0.16 0.13 0.15 0.00 0.16
CR 0.13 0.54 0.15 0.13 0.01 0.16 0.05 0.12 0.08
UE 0.05 0.15 0.20 0.11 0.08 0.14 0.20 0.13 0.00
PDF 0.09 0.07 0.06 0.17 0.04 0.03 0.11 0.11 0.04
topPT 0.00 0.00 0.00 0.51 0.02 0.06 0.00 0.00 0.00
bkgData 0.00 0.00 0.13 0.00 0.00 0.20 0.00 0.00 0.44
bkgMC 0.05 0.13 0.00 0.00 0.03 0.00 0.17 0.01 0.00
method 0.40 0.06 0.13 0.00 0.04 0.06 0.39 0.22 0.62
other 0.00 0.00 0.00 0.03 0.00 0.00 0.25 0.09 0.09
total 1.58 1.06 1.41 0.95 0.48 0.62 1.20 3.14 1.12