1.000000 1.000000 1.000000 1.000000 1.000000 1.000000 0.850000 0.850000 0.850000 0.850000 0.850000 0.850000 0.850000 0.850000 0.850000
1.000000 1.000000 1.000000 1.000000 1.000000 1.000000 0.850000 0.850000 0.850000 0.850000 0.850000 0.850000 0.850000 0.850000 0.850000
1.000000 1.000000 1.000000 1.000000 1.000000 1.000000 0.850000 0.850000 0.850000 0.850000 0.850000 0.850000 0.850000 0.850000 0.850000
1.000000 1.000000 1.000000 1.000000 1.000000 1.000000 0.850000 0.850000 0.850000 0.850000 0.850000 0.850000 0.850000 0.850000 0.850000
1.000000 1.000000 1.000000 1.000000 1.000000 1.000000 0.850000 0.850000 0.850000 0.850000 0.850000 0.850000 0.850000 0.850000 0.850000
1.000000 1.000000 1.000000 1.000000 1.000000 1.000000 0.850000 0.850000 0.850000 0.850000 0.850000 0.850000 0.850000 0.850000 0.850000
0.850000 0.850000 0.850000 0.850000 0.850000 0.850000 1.000000 1.000000 1.000000 1.000000 1.000000 1.000000 1.000000 1.000000 1.000000
0.850000 0.850000 0.850000 0.850000 0.850000 0.850000 1.000000 1.000000 1.000000 1.000000 1.000000 1.000000 1.000000 1.000000 1.000000
0.850000 0.850000 0.850000 0.850000 0.850000 0.850000 1.000000 1.000000 1.000000 1.000000 1.000000 1.000000 1.000000 1.000000 1.000000
0.850000 0.850000 0.850000 0.850000 0.850000 0.850000 1.000000 1.000000 1.000000 1.000000 1.000000 1.000000 1.000000 1.000000 1.000000
0.850000 0.850000 0.850000 0.850000 0.850000 0.850000 1.000000 1.000000 1.000000 1.000000 1.000000 1.000000 1.000000 1.000000 1.000000
0.850000 0.850000 0.850000 0.850000 0.850000 0.850000 1.000000 1.000000 1.000000 1.000000 1.000000 1.000000 1.000000 1.000000 1.000000
0.850000 0.850000 0.850000 0.850000 0.850000 0.850000 1.000000 1.000000 1.000000 1.000000 1.000000 1.000000 1.000000 1.000000 1.000000
0.850000 0.850000 0.850000 0.850000 0.850000 0.850000 1.000000 1.000000 1.000000 1.000000 1.000000 1.000000 1.000000 1.000000 1.000000
0.850000 0.850000 0.850000 0.850000 0.850000 0.850000 1.000000 1.000000 1.000000 1.000000 1.000000 1.000000 1.000000 1.000000 1.000000
