1.00 -0.40 0.84 0.54 0.34 0.48 0.00 0.00 0.00 0.00 0.00 0.00 0.00 0.00 0.00 0.00
-0.40 1.00 -0.01 0.04 -0.14 0.10 0.00 0.00 0.00 0.00 0.00 0.00 0.00 0.00 0.00 0.00
0.84 -0.01 1.00 0.63 0.38 0.58 0.00 0.00 0.00 0.00 0.00 0.00 0.00 0.00 0.00 0.00
0.54 0.04 0.63 1.00 -0.23 0.97 0.00 0.00 0.00 0.00 0.00 0.00 0.00 0.00 0.00 0.00
0.34 -0.14 0.38 -0.23 1.00 -0.32 0.00 0.00 0.00 0.00 0.00 0.00 0.00 0.00 0.00 0.00
0.48 0.10 0.58 0.97 -0.32 1.00 0.00 0.00 0.00 0.00 0.00 0.00 0.00 0.00 0.00 0.00
0.00 0.00 0.00 0.00 0.00 0.00 1.00 1.00 1.00 0.00 0.00 0.00 0.00 0.00 0.00 0.00
0.00 0.00 0.00 0.00 0.00 0.00 1.00 1.00 1.00 0.00 0.00 0.00 0.00 0.00 0.00 0.00
0.00 0.00 0.00 0.00 0.00 0.00 1.00 1.00 1.00 0.00 0.00 0.00 0.00 0.00 0.00 0.00
0.00 0.00 0.00 0.00 0.00 0.00 0.00 0.00 0.00 1.00 -1.00 -1.00 -1.00 1.00 -1.00 0.00
0.00 0.00 0.00 0.00 0.00 0.00 0.00 0.00 0.00 -1.00 1.00 1.00 1.00 -1.00 1.00 0.00
0.00 0.00 0.00 0.00 0.00 0.00 0.00 0.00 0.00 -1.00 1.00 1.00 1.00 -1.00 1.00 0.00
0.00 0.00 0.00 0.00 0.00 0.00 0.00 0.00 0.00 -1.00 1.00 1.00 1.00 -1.00 1.00 0.00
0.00 0.00 0.00 0.00 0.00 0.00 0.00 0.00 0.00 1.00 -1.00 -1.00 -1.00 1.00 -1.00 0.00
0.00 0.00 0.00 0.00 0.00 0.00 0.00 0.00 0.00 -1.00 1.00 1.00 1.00 -1.00 1.00 0.00
0.00 0.00 0.00 0.00 0.00 0.00 0.00 0.00 0.00 0.00 0.00 0.00 0.00 0.00 0.00 1.00
