1.000000 0.530000 0.220000 0.250000 0.720000 -0.610000 0.850000 0.850000 0.850000 -0.850000 0.850000 0.850000 0.850000 0.850000 0.850000
0.530000 1.000000 -0.360000 -0.170000 0.730000 -0.820000 0.850000 0.850000 0.850000 -0.850000 0.850000 0.850000 0.850000 0.850000 0.850000
0.220000 -0.360000 1.000000 0.560000 -0.060000 0.260000 0.850000 0.850000 0.850000 -0.850000 0.850000 0.850000 0.850000 0.850000 0.850000
0.250000 -0.170000 0.560000 1.000000 -0.270000 0.280000 0.850000 0.850000 0.850000 -0.850000 0.850000 0.850000 0.850000 0.850000 0.850000
0.720000 0.730000 -0.060000 -0.270000 1.000000 -0.780000 0.850000 0.850000 0.850000 -0.850000 0.850000 0.850000 0.850000 0.850000 0.850000
-0.610000 -0.820000 0.260000 0.280000 -0.780000 1.000000 0.850000 0.850000 0.850000 -0.850000 0.850000 0.850000 0.850000 0.850000 0.850000
0.850000 0.850000 0.850000 0.850000 0.850000 0.850000 1.000000 1.000000 1.000000 -1.000000 1.000000 1.000000 1.000000 1.000000 1.000000
0.850000 0.850000 0.850000 0.850000 0.850000 0.850000 1.000000 1.000000 1.000000 -1.000000 1.000000 1.000000 1.000000 1.000000 1.000000
0.850000 0.850000 0.850000 0.850000 0.850000 0.850000 1.000000 1.000000 1.000000 -1.000000 1.000000 1.000000 1.000000 1.000000 1.000000
-0.850000 -0.850000 -0.850000 -0.850000 -0.850000 -0.850000 -1.000000 -1.000000 -1.000000 1.000000 -1.000000 -1.000000 -1.000000 -1.000000 -1.000000
0.850000 0.850000 0.850000 0.850000 0.850000 0.850000 1.000000 1.000000 1.000000 -1.000000 1.000000 1.000000 1.000000 1.000000 1.000000
0.850000 0.850000 0.850000 0.850000 0.850000 0.850000 1.000000 1.000000 1.000000 -1.000000 1.000000 1.000000 1.000000 1.000000 1.000000
0.850000 0.850000 0.850000 0.850000 0.850000 0.850000 1.000000 1.000000 1.000000 -1.000000 1.000000 1.000000 1.000000 1.000000 1.000000
0.850000 0.850000 0.850000 0.850000 0.850000 0.850000 1.000000 1.000000 1.000000 -1.000000 1.000000 1.000000 1.000000 1.000000 1.000000
0.850000 0.850000 0.850000 0.850000 0.850000 0.850000 1.000000 1.000000 1.000000 -1.000000 1.000000 1.000000 1.000000 1.000000 1.000000
