1.00 0.00 0.00 1.00 0.08 0.00 0.85 0.85 0.85 0.85 0.85 0.85 0.85 0.85 0.85 0.00
0.00 1.00 0.00 0.00 -0.03 0.00 0.85 0.85 0.85 0.85 0.85 0.85 0.85 0.85 0.85 0.00
0.00 0.00 1.00 0.00 0.00 0.00 0.85 0.85 0.85 0.85 0.85 0.85 0.85 0.85 0.85 0.00
1.00 0.00 0.00 1.00 0.08 0.00 0.85 0.85 0.85 0.85 0.85 0.85 0.85 0.85 0.85 0.00
0.08 -0.03 0.00 0.08 1.00 0.00 0.85 0.85 0.85 0.85 0.85 0.85 0.85 0.85 0.85 0.00
0.00 0.00 0.00 0.00 0.00 1.00 0.85 0.85 0.85 0.85 0.85 0.85 0.85 0.85 0.85 0.00
0.85 0.85 0.85 0.85 0.85 0.85 1.00 1.00 1.00 1.00 1.00 1.00 1.00 1.00 1.00 0.00
0.85 0.85 0.85 0.85 0.85 0.85 1.00 1.00 1.00 1.00 1.00 1.00 1.00 1.00 1.00 0.00
0.85 0.85 0.85 0.85 0.85 0.85 1.00 1.00 1.00 1.00 1.00 1.00 1.00 1.00 1.00 0.00
0.85 0.85 0.85 0.85 0.85 0.85 1.00 1.00 1.00 1.00 1.00 1.00 1.00 1.00 1.00 0.00
0.85 0.85 0.85 0.85 0.85 0.85 1.00 1.00 1.00 1.00 1.00 1.00 1.00 1.00 1.00 0.00
0.85 0.85 0.85 0.85 0.85 0.85 1.00 1.00 1.00 1.00 1.00 1.00 1.00 1.00 1.00 0.00
0.85 0.85 0.85 0.85 0.85 0.85 1.00 1.00 1.00 1.00 1.00 1.00 1.00 1.00 1.00 0.00
0.85 0.85 0.85 0.85 0.85 0.85 1.00 1.00 1.00 1.00 1.00 1.00 1.00 1.00 1.00 0.00
0.85 0.85 0.85 0.85 0.85 0.85 1.00 1.00 1.00 1.00 1.00 1.00 1.00 1.00 1.00 0.00
0.00 0.00 0.00 0.00 0.00 0.00 0.00 0.00 0.00 0.00 0.00 0.00 0.00 0.00 0.00 1.00
