1.00 -0.80 -0.03 0.00 0.00 0.00 0.50 0.50 0.50 -0.50 0.50 0.50 0.50 0.50 0.50 0.00
-0.80 1.00 0.00 0.00 0.00 0.00 0.50 0.50 0.50 -0.50 0.50 0.50 0.50 0.50 0.50 0.00
-0.03 0.00 1.00 0.00 0.00 0.00 0.50 0.50 0.50 -0.50 0.50 0.50 0.50 0.50 0.50 0.00
0.00 0.00 0.00 1.00 -0.23 0.00 0.50 0.50 0.50 -0.50 0.50 0.50 0.50 0.50 0.50 0.00
0.00 0.00 0.00 -0.23 1.00 0.00 0.50 0.50 0.50 -0.50 0.50 0.50 0.50 0.50 0.50 0.00
0.00 0.00 0.00 0.00 0.00 1.00 0.50 0.50 0.50 -0.50 0.50 0.50 0.50 0.50 0.50 0.00
0.50 0.50 0.50 0.50 0.50 0.50 1.00 1.00 1.00 -1.00 1.00 1.00 1.00 1.00 1.00 0.00
0.50 0.50 0.50 0.50 0.50 0.50 1.00 1.00 1.00 -1.00 1.00 1.00 1.00 1.00 1.00 0.00
0.50 0.50 0.50 0.50 0.50 0.50 1.00 1.00 1.00 -1.00 1.00 1.00 1.00 1.00 1.00 0.00
-0.50 -0.50 -0.50 -0.50 -0.50 -0.50 -1.00 -1.00 -1.00 1.00 -1.00 -1.00 -1.00 -1.00 -1.00 0.00
0.50 0.50 0.50 0.50 0.50 0.50 1.00 1.00 1.00 -1.00 1.00 1.00 1.00 1.00 1.00 0.00
0.50 0.50 0.50 0.50 0.50 0.50 1.00 1.00 1.00 -1.00 1.00 1.00 1.00 1.00 1.00 0.00
0.50 0.50 0.50 0.50 0.50 0.50 1.00 1.00 1.00 -1.00 1.00 1.00 1.00 1.00 1.00 0.00
0.50 0.50 0.50 0.50 0.50 0.50 1.00 1.00 1.00 -1.00 1.00 1.00 1.00 1.00 1.00 0.00
0.50 0.50 0.50 0.50 0.50 0.50 1.00 1.00 1.00 -1.00 1.00 1.00 1.00 1.00 1.00 0.00
0.00 0.00 0.00 0.00 0.00 0.00 0.00 0.00 0.00 0.00 0.00 0.00 0.00 0.00 0.00 1.00
